[Area]
left=86.484375
top=64.5861848033998
right=104.23828125
bottom=64.5861848033998

